air_temperature                          15 block shapes: (24, 1, 324, 277) -> (6, 1, 5, 4)
surface_pressure                         15 block shapes: (24, 1, 324, 277) -> (6, 1, 5, 4)
mixing_ratio                             15 block shapes: (24, 1, 324, 277) -> (6, 1, 5, 4)
specific_humidity                        15 block shapes: (24, 1, 324, 277) -> (6, 1, 5, 4)
relative_humidity                        15 block shapes: (24, 1, 324, 277) -> (6, 1, 5, 4)
dew_point_temperature                    15 block shapes: (24, 1, 324, 277) -> (6, 1, 5, 4)
precipitation                            15 block shapes: (24, 1, 324, 277) -> (6, 1, 5, 4)
wind_speed                               15 block shapes: (24, 1, 324, 277) -> (6, 1, 5, 4)
wind_direction                           15 block shapes: (24, 1, 324, 277) -> (6, 1, 5, 4)
soil_temperature                         15 block shapes: (24, 1, 324, 277) -> (6, 1, 5, 4)
shortwave_radiation                      15 block shapes: (24, 1, 324, 277) -> (6, 1, 5, 4)
longwave_radiation                       15 block shapes: (24, 1, 324, 277) -> (6, 1, 5, 4)
snow_depth                               15 block shapes: (24, 1, 324, 277) -> (6, 1, 5, 4)
sensible_heat_flux                       15 block shapes: (24, 1, 324, 277) -> (6, 1, 5, 4)
moisture_flux                            15 block shapes: (24, 1, 324, 277) -> (6, 1, 5, 4)
albedo                                   15 block shapes: (24, 1, 324, 277) -> (6, 1, 5, 4)
emissivity                               15 block shapes: (24, 1, 324, 277) -> (6, 1, 5, 4)
land_use_modis                           15 block shapes: (24, 1, 324, 277) -> (6, 1, 5, 4)
terrain_height                           15 block shapes: (24, 1, 324, 277) -> (6, 1, 5, 4)
potential_temperature                    15 block shapes: (24, 1, 324, 277) -> (6, 1, 5, 4)
equivalent_potential_temperature         15 block shapes: (24, 1, 324, 277) -> (6, 1, 5, 4)
u_wind                                   15 block shapes: (24, 1, 324, 277) -> (6, 1, 5, 4)
v_wind                                   15 block shapes: (24, 1, 324, 277) -> (6, 1, 5, 4)
vorticity                                15 block shapes: (24, 1, 324, 277) -> (6, 1, 5, 4)
mslp                                     15 block shapes: (24, 1, 324, 277) -> (6, 1, 5, 4)
land_sea_mask                            15 block shapes: (24, 1, 324, 277) -> (6, 1, 5, 4)
sea_ice                                  15 block shapes: (24, 1, 324, 277) -> (6, 1, 5, 4)
sea_surface_temp                         15 block shapes: (24, 1, 324, 277) -> (6, 1, 5, 4)
snow_water_equiv                         15 block shapes: (24, 1, 324, 277) -> (6, 1, 5, 4)
pwat                                     15 block shapes: (24, 1, 324, 277) -> (6, 1, 5, 4)
vimf_u                                   15 block shapes: (24, 1, 324, 277) -> (6, 1, 5, 4)
vimf_v                                   15 block shapes: (24, 1, 324, 277) -> (6, 1, 5, 4)
ivt                                      15 block shapes: (24, 1, 324, 277) -> (6, 1, 5, 4)

=== zstd-1: per-variable ratio vs block size (elements per block; "-" = no rung within 1.5x) ===
var                                      dtype      2153952   1076976    536544    268272    134136     66240     32640     16320      8160      4080      2040       960       480       240       120
air_temperature                          uint16         1.3       1.4       1.4       1.4       1.4       1.5       1.5       1.5       1.6       1.6       1.6       1.5       1.5       1.4       1.3
surface_pressure                         uint32         1.7       1.7       1.8       1.8       1.8       1.8       1.9       1.8       1.8       1.8       1.7       1.6       1.6       1.5       1.4
mixing_ratio                             uint16         1.1       1.1       1.1       1.1       1.2       1.2       1.2       1.2       1.2       1.2       1.2       1.2       1.2       1.1       1.0
specific_humidity                        uint16         1.1       1.1       1.1       1.1       1.2       1.2       1.2       1.2       1.2       1.2       1.2       1.2       1.2       1.1       1.0
relative_humidity                        uint16        17.3      17.3      17.7      17.6      18.2      17.6      18.1      17.5      17.6      16.6      14.1      11.7       9.6       7.2       5.7
dew_point_temperature                    uint16         1.3       1.3       1.3       1.4       1.4       1.4       1.4       1.5       1.5       1.5       1.5       1.5       1.4       1.3       1.2
precipitation                            uint16         3.1       3.2       3.1       3.2       3.3       3.3       3.2       3.2       3.2       3.1       3.0       2.9       2.6       2.3       2.1
wind_speed                               uint16         1.3       1.3       1.3       1.3       1.4       1.4       1.4       1.4       1.4       1.4       1.4       1.4       1.3       1.2       1.2
wind_direction                           uint16         1.2       1.2       1.3       1.3       1.3       1.3       1.3       1.3       1.3       1.4       1.3       1.3       1.3       1.2       1.1
soil_temperature                         uint16         1.3       1.4       1.4       1.4       1.4       1.5       1.5       1.6       1.7       1.7       1.7       1.6       1.5       1.4       1.3
shortwave_radiation                      uint16         2.0       2.0       2.0       2.0       2.0       2.0       2.0       2.0       2.0       2.0       2.0       1.9       1.8       1.7       1.6
longwave_radiation                       uint16         1.3       1.3       1.3       1.4       1.4       1.4       1.4       1.4       1.4       1.4       1.4       1.4       1.3       1.2       1.2
snow_depth                               uint16     10584.5   10018.4    9094.0    7664.9    5961.6    4014.5    3264.0    1632.0     816.0     429.5     214.7     101.1      50.5      25.3      13.3
sensible_heat_flux                       uint16         1.4       1.4       1.5       1.5       1.5       1.5       1.5       1.5       1.6       1.6       1.5       1.5       1.4       1.3       1.3
moisture_flux                            uint16         2.6       2.6       2.6       2.7       2.7       2.8       2.8       2.7       2.7       2.6       2.5       2.4       2.3       1.9       1.7
albedo                                   uint16        58.5      61.9      63.7      64.7      65.2      66.6      67.8      66.8      64.1      53.4      46.6      37.6      26.2      16.8      10.5
emissivity                               uint16      1101.3    1076.7    1051.4    1025.2     961.4     869.9     829.8     643.6     452.2     230.8     145.1      80.9      40.8      22.2      12.4
land_use_modis                           uint8       1214.9    1189.4    1156.3    1054.1     935.2     777.3     680.4     416.0     272.9     139.2      77.7      42.3      21.5      12.0       6.8
terrain_height                           uint16       711.6     702.0     663.8     643.2     613.3     570.2     525.5     444.2     344.9     176.4     123.5      75.0      38.1      21.7      12.3
potential_temperature                    uint16         1.3       1.4       1.4       1.4       1.4       1.5       1.5       1.5       1.6       1.6       1.6       1.5       1.5       1.4       1.3
equivalent_potential_temperature         uint16         1.1       1.2       1.2       1.2       1.3       1.3       1.3       1.3       1.3       1.3       1.3       1.3       1.3       1.2       1.1
u_wind                                   uint16         1.3       1.3       1.3       1.3       1.3       1.3       1.3       1.3       1.4       1.4       1.4       1.3       1.3       1.2       1.2
v_wind                                   uint16         1.3       1.3       1.3       1.3       1.3       1.3       1.3       1.3       1.4       1.4       1.4       1.3       1.3       1.2       1.2
vorticity                                uint16         4.1       4.1       4.1       4.2       4.2       4.1       4.1       4.1       4.0       3.9       3.8       3.5       3.2       2.5       2.0
mslp                                     uint32         1.7       1.7       1.8       1.8       1.8       1.9       1.9       1.9       1.8       1.8       1.7       1.7       1.6       1.5       1.4
land_sea_mask                            uint8       1680.1    1324.7    1238.4     332.7     482.6     404.3     496.1     245.3     203.5     118.2      71.3      41.9      21.7      12.1       6.8
sea_ice                                  uint16     10584.5   10018.4    9094.0    7664.9    5961.6    4014.5    3264.0    1632.0     816.0     429.5     214.7     101.1      50.5      25.3      13.3
sea_surface_temp                         uint16         7.3       8.4       8.3       8.8       8.7       9.1       9.2       9.4       9.4       7.3       7.1       6.4       4.3       3.9       3.2
snow_water_equiv                         uint16     10584.5   10018.4    9094.0    7664.9    5961.6    4014.5    3264.0    1632.0     816.0     429.5     214.7     101.1      50.5      25.3      13.3
pwat                                     uint16         1.7       1.8       1.8       1.9       1.9       2.0       1.9       1.9       2.0       2.0       1.9       1.8       1.7       1.5       1.4
vimf_u                                   uint32         2.1       2.1       2.1       2.1       2.2       2.2       2.2       2.2       2.1       2.1       2.1       2.0       1.8       1.7       1.6
vimf_v                                   uint32         2.0       2.0       2.1       2.1       2.1       2.1       2.1       2.1       2.1       2.1       2.0       1.9       1.8       1.7       1.6
ivt                                      float32        1.1       1.1       1.1       1.1       1.1       1.1       1.1       1.1       1.1       1.1       1.1       1.1       1.1       1.1       1.0
WHOLE FILE projected ratio                             1.98      2.01      2.03      2.07      2.09      2.12      2.12      2.13      2.16      2.16      2.11      2.03      1.95      1.80      1.65
WHOLE FILE projected MB                               564.6     556.0     550.6     539.2     533.0     526.2     525.3     523.7     517.5     517.0     528.6     548.8     570.9     620.0     676.2

=== shuffle+zstd-1: per-variable ratio vs block size (elements per block; "-" = no rung within 1.5x) ===
var                                      dtype      2153952   1076976    536544    268272    134136     66240     32640     16320      8160      4080      2040       960       480       240       120
air_temperature                          uint16         1.9       1.9       1.9       1.9       1.9       1.9       1.9       1.9       1.9       1.9       1.9       1.8       1.8       1.7       1.6
surface_pressure                         uint32         3.2       3.2       3.2       3.2       3.2       3.1       3.1       3.1       3.0       3.0       3.0       2.8       2.7       2.5       2.3
mixing_ratio                             uint16         1.5       1.5       1.5       1.5       1.5       1.5       1.5       1.5       1.5       1.5       1.4       1.4       1.3       1.2       1.2
specific_humidity                        uint16         1.5       1.5       1.5       1.6       1.5       1.5       1.5       1.5       1.5       1.5       1.4       1.4       1.3       1.2       1.2
relative_humidity                        uint16        19.9      20.0      20.5      20.5      21.2      20.9      21.5      20.9      20.7      19.7      16.8      12.8      10.4       7.9       6.1
dew_point_temperature                    uint16         1.9       1.9       1.9       1.9       1.9       1.9       1.9       1.9       1.9       1.9       1.8       1.8       1.8       1.7       1.6
precipitation                            uint16         3.9       3.9       3.9       4.0       4.0       3.9       3.9       3.9       3.9       3.8       3.7       3.5       3.3       2.9       2.6
wind_speed                               uint16         1.8       1.8       1.8       1.8       1.8       1.8       1.8       1.8       1.8       1.8       1.7       1.7       1.6       1.6       1.5
wind_direction                           uint16         1.8       1.8       1.8       1.8       1.8       1.7       1.7       1.7       1.7       1.7       1.7       1.6       1.6       1.5       1.4
soil_temperature                         uint16         1.9       1.9       1.9       1.9       1.9       1.9       1.9       1.9       1.9       1.9       2.0       1.9       1.8       1.8       1.7
shortwave_radiation                      uint16         2.5       2.5       2.5       2.5       2.5       2.4       2.3       2.3       2.3       2.3       2.2       2.1       2.0       1.9       1.8
longwave_radiation                       uint16         1.7       1.7       1.7       1.7       1.7       1.7       1.7       1.7       1.7       1.6       1.6       1.6       1.5       1.4       1.3
snow_depth                               uint16     26428.9   21757.1   16016.2   10520.5    6387.4    4273.5    2720.0    1360.0     680.0     354.8     177.4      83.5      41.7      21.8      11.4
sensible_heat_flux                       uint16         1.8       1.8       1.8       1.8       1.8       1.8       1.8       1.8       1.8       1.9       1.8       1.8       1.7       1.6       1.6
moisture_flux                            uint16         2.5       2.6       2.6       2.7       2.7       2.8       2.8       2.8       2.9       3.0       2.9       2.8       2.8       2.6       2.3
albedo                                   uint16        77.8      81.5      78.7      80.3      81.2      81.7      80.8      79.0      74.5      60.5      50.8      38.1      25.4      16.2       9.7
emissivity                               uint16      1507.4    1502.8    1438.7    1335.9    1217.1    1037.3     946.2     685.8     445.2     228.8     134.4      70.5      35.9      19.8      11.0
land_use_modis                           uint8       1214.9    1189.4    1156.3    1054.1     935.2     777.3     680.4     416.0     272.9     139.2      77.7      42.3      21.5      12.0       6.8
terrain_height                           uint16       735.8     726.3     686.3     667.5     629.2     564.4     515.7     423.9     314.1     160.4     109.1      63.6      32.5      18.9      10.6
potential_temperature                    uint16         1.9       1.9       1.9       1.9       1.9       1.9       1.9       1.9       1.9       1.9       1.9       1.8       1.8       1.7       1.6
equivalent_potential_temperature         uint16         1.7       1.8       1.8       1.8       1.8       1.7       1.7       1.7       1.7       1.7       1.7       1.6       1.6       1.5       1.4
u_wind                                   uint16         1.8       1.8       1.8       1.8       1.8       1.8       1.8       1.8       1.8       1.8       1.7       1.7       1.6       1.6       1.5
v_wind                                   uint16         1.8       1.8       1.8       1.8       1.8       1.8       1.8       1.8       1.7       1.7       1.7       1.7       1.6       1.6       1.5
vorticity                                uint16         5.2       5.2       5.2       5.2       5.2       5.2       5.2       5.2       5.1       5.0       4.8       4.5       4.0       3.5       2.9
mslp                                     uint32         3.2       3.2       3.2       3.2       3.2       3.1       3.1       3.1       3.0       3.1       3.0       2.8       2.7       2.5       2.3
land_sea_mask                            uint8       1680.1    1324.7    1238.4     332.7     482.6     404.3     496.1     245.3     203.5     118.2      71.3      41.9      21.7      12.1       6.8
sea_ice                                  uint16     26428.9   21757.1   16016.2   10520.5    6387.4    4273.5    2720.0    1360.0     680.0     354.8     177.4      83.5      41.7      21.8      11.4
sea_surface_temp                         uint16        11.4      11.4      11.5      11.5      11.5      11.2      11.3      11.3      10.8       8.4       8.1       7.6       5.2       4.6       4.0
snow_water_equiv                         uint16     26428.9   21757.1   16016.2   10520.5    6387.4    4273.5    2720.0    1360.0     680.0     354.8     177.4      83.5      41.7      21.8      11.4
pwat                                     uint16         2.0       2.0       2.0       2.0       2.0       2.1       2.1       2.1       2.1       2.2       2.1       2.1       2.1       1.9       1.8
vimf_u                                   uint32         3.3       3.3       3.3       3.3       3.3       3.3       3.2       3.2       3.2       3.2       3.1       3.0       2.9       2.7       2.5
vimf_v                                   uint32         3.3       3.3       3.3       3.3       3.3       3.2       3.2       3.2       3.1       3.2       3.1       3.0       2.9       2.7       2.5
ivt                                      float32        1.3       1.3       1.3       1.3       1.3       1.3       1.3       1.3       1.3       1.3       1.3       1.3       1.3       1.3       1.2
WHOLE FILE projected ratio                             2.79      2.79      2.80      2.80      2.81      2.76      2.75      2.75      2.74      2.74      2.69      2.59      2.48      2.32      2.13
WHOLE FILE projected MB                               400.4     399.8     399.0     397.9     397.6     403.8     405.0     405.0     407.1     407.0     414.5     430.5     449.6     480.8     523.8

=== blosc1 shuffle zstd-1: per-variable ratio vs block size (elements per block; "-" = no rung within 1.5x) ===
var                                      dtype      2153952   1076976    536544    268272    134136     66240     32640     16320      8160      4080      2040       960       480       240       120
air_temperature                          uint16         1.8       1.8       1.8       1.8       1.9       1.9       1.9       1.9       1.9       1.9       1.9       1.8       1.7       1.6       1.4
surface_pressure                         uint32         3.0       3.0       3.0       3.0       3.0       3.1       3.0       3.0       3.0       3.0       3.0       2.8       2.6       2.4       2.0
mixing_ratio                             uint16         1.4       1.4       1.4       1.5       1.5       1.5       1.5       1.5       1.5       1.5       1.4       1.4       1.3       1.2       1.0
specific_humidity                        uint16         1.5       1.5       1.5       1.5       1.5       1.5       1.5       1.5       1.5       1.5       1.4       1.4       1.3       1.2       1.0
relative_humidity                        uint16        19.6      19.5      20.0      19.8      20.5      20.2      21.0      20.6      20.1      18.7      15.3      11.1       8.2       5.7       3.8
dew_point_temperature                    uint16         1.8       1.8       1.8       1.8       1.8       1.8       1.9       1.9       1.8       1.9       1.8       1.8       1.7       1.5       1.4
precipitation                            uint16         3.8       3.8       3.7       3.9       3.9       3.9       3.9       3.9       3.9       3.8       3.6       3.4       3.0       2.6       2.0
wind_speed                               uint16         1.7       1.7       1.8       1.8       1.8       1.8       1.8       1.8       1.8       1.7       1.7       1.6       1.6       1.4       1.3
wind_direction                           uint16         1.7       1.7       1.7       1.7       1.7       1.7       1.7       1.7       1.7       1.7       1.7       1.6       1.5       1.4       1.3
soil_temperature                         uint16         1.8       1.8       1.8       1.8       1.8       1.9       1.9       1.9       1.9       1.9       1.9       1.9       1.8       1.6       1.4
shortwave_radiation                      uint16         2.4       2.4       2.4       2.4       2.4       2.3       2.3       2.3       2.3       2.3       2.2       2.1       1.9       1.7       1.5
longwave_radiation                       uint16         1.6       1.6       1.6       1.6       1.6       1.6       1.7       1.7       1.6       1.6       1.6       1.5       1.4       1.3       1.2
snow_depth                               uint16      1016.0    1012.2    1001.0     958.1     885.4     757.0     816.0     680.0     340.0     173.6      86.8      40.9      20.4      10.4       5.3
sensible_heat_flux                       uint16         1.8       1.8       1.8       1.8       1.8       1.8       1.8       1.8       1.8       1.8       1.8       1.7       1.7       1.5       1.3
moisture_flux                            uint16         2.6       2.6       2.6       2.7       2.8       2.9       2.9       2.8       2.9       3.0       2.9       2.7       2.6       2.3       1.8
albedo                                   uint16        48.9      48.7      47.4      53.0      60.2      62.9      67.9      74.6      67.1      51.4      39.1      25.8      15.5       8.9       4.9
emissivity                               uint16        64.3      64.5      63.7      86.6     147.1     233.2     386.5     455.9     269.0     136.8      75.1      37.5      18.9      10.0       5.2
land_use_modis                           uint8         53.8      53.2      75.7     124.8     199.1     280.5     453.5     258.1     151.4      76.5      40.6      20.5      10.4       5.5       0.9
terrain_height                           uint16        30.0      29.8      28.7      40.1      71.7     129.6     229.2     323.2     214.9     109.0      66.4      35.4      17.9       9.7       5.2
potential_temperature                    uint16         1.9       1.9       1.8       1.9       1.9       1.9       1.9       1.9       1.9       1.9       1.9       1.8       1.7       1.6       1.4
equivalent_potential_temperature         uint16         1.7       1.7       1.7       1.7       1.7       1.7       1.7       1.7       1.7       1.7       1.7       1.6       1.5       1.4       1.3
u_wind                                   uint16         1.8       1.8       1.8       1.8       1.8       1.8       1.8       1.8       1.8       1.7       1.7       1.6       1.6       1.4       1.3
v_wind                                   uint16         1.7       1.7       1.7       1.7       1.8       1.8       1.8       1.8       1.7       1.7       1.7       1.6       1.6       1.4       1.3
vorticity                                uint16         5.1       5.1       5.1       5.1       5.1       5.2       5.2       5.2       5.1       4.9       4.7       4.2       3.6       3.0       2.2
mslp                                     uint32         3.1       3.1       3.1       3.1       3.1       3.1       3.1       3.1       3.0       3.1       3.0       2.8       2.6       2.4       2.1
land_sea_mask                            uint8         91.5      91.2     104.3     121.6     174.0     217.2     363.5     180.3     127.3      69.7      38.8      20.5      10.4       5.5       0.9
sea_ice                                  uint16      1016.0    1012.2    1001.0     958.1     885.4     757.0     816.0     680.0     340.0     173.6      86.8      40.9      20.4      10.4       5.3
sea_surface_temp                         uint16         1.9       1.9       1.9       2.5       4.3       6.3       8.9      11.2      10.6       8.2       7.7       7.0       4.6       3.7       2.8
snow_water_equiv                         uint16      1016.0    1012.2    1001.0     958.1     885.4     757.0     816.0     680.0     340.0     173.6      86.8      40.9      20.4      10.4       5.3
pwat                                     uint16         2.0       2.0       2.0       2.0       2.1       2.1       2.1       2.1       2.1       2.2       2.1       2.0       2.0       1.8       1.5
vimf_u                                   uint32         3.2       3.2       3.2       3.2       3.2       3.2       3.2       3.2       3.2       3.2       3.1       2.9       2.8       2.5       2.2
vimf_v                                   uint32         3.1       3.1       3.1       3.1       3.1       3.1       3.2       3.1       3.1       3.1       3.1       2.9       2.8       2.5       2.2
ivt                                      float32        1.3       1.3       1.3       1.3       1.3       1.3       1.3       1.3       1.3       1.3       1.3       1.3       1.3       1.2       1.2
WHOLE FILE projected ratio                             2.61      2.61      2.61      2.65      2.70      2.73      2.74      2.75      2.73      2.72      2.65      2.52      2.35      2.10      1.72
WHOLE FILE projected MB                               426.9     427.6     426.8     420.4     412.8     409.0     406.6     406.1     408.6     409.9     420.4     442.9     474.5     530.5     646.8

=== lz4-1: per-variable ratio vs block size (elements per block; "-" = no rung within 1.5x) ===
var                                      dtype      2153952   1076976    536544    268272    134136     66240     32640     16320      8160      4080      2040       960       480       240       120
air_temperature                          uint16         1.1       1.1       1.1       1.1       1.1       1.1       1.3       1.2       1.2       1.1       1.1       1.1       1.0       1.0       0.9
surface_pressure                         uint32         1.2       1.2       1.2       1.2       1.3       1.3       1.3       1.3       1.3       1.2       1.2       1.1       1.1       1.0       1.0
mixing_ratio                             uint16         1.0       1.0       1.0       1.0       1.0       1.0       1.0       1.0       1.0       1.0       1.0       1.0       1.0       1.0       0.9
specific_humidity                        uint16         1.0       1.0       1.0       1.0       1.0       1.0       1.0       1.0       1.0       1.0       1.0       1.0       1.0       1.0       0.9
relative_humidity                        uint16         7.0       7.0       6.9       6.8       6.7       6.6       5.6       5.6       5.8       5.8       5.6       6.0       5.5       4.5       3.5
dew_point_temperature                    uint16         1.1       1.1       1.1       1.1       1.1       1.1       1.2       1.2       1.1       1.1       1.1       1.0       1.0       1.0       0.9
precipitation                            uint16         2.2       2.2       2.2       2.3       2.3       2.2       2.0       2.0       2.0       1.9       1.9       1.9       1.8       1.6       1.5
wind_speed                               uint16         1.0       1.0       1.0       1.0       1.0       1.0       1.1       1.1       1.0       1.0       1.0       1.0       1.0       1.0       0.9
wind_direction                           uint16         1.0       1.0       1.0       1.0       1.0       1.0       1.1       1.1       1.0       1.0       1.0       1.0       1.0       1.0       0.9
soil_temperature                         uint16         1.1       1.1       1.1       1.1       1.1       1.1       1.3       1.3       1.2       1.2       1.1       1.1       1.1       1.0       1.0
shortwave_radiation                      uint16         1.8       1.8       1.8       1.8       1.8       1.8       1.8       1.8       1.8       1.8       1.7       1.7       1.6       1.6       1.4
longwave_radiation                       uint16         1.0       1.0       1.0       1.0       1.0       1.0       1.1       1.1       1.1       1.0       1.0       1.0       1.0       1.0       0.9
snow_depth                               uint16       242.4     242.1     241.1     239.3     235.7     228.4     225.1     201.5     166.5     123.6      81.6      45.7      25.3      13.3       6.9
sensible_heat_flux                       uint16         1.1       1.1       1.1       1.1       1.1       1.1       1.2       1.2       1.1       1.1       1.1       1.0       1.0       1.0       0.9
moisture_flux                            uint16         1.8       1.8       1.8       1.9       1.9       1.9       1.5       1.5       1.5       1.5       1.4       1.4       1.3       1.2       1.1
albedo                                   uint16        28.0      28.1      35.5      37.9      37.0      38.3      36.5      35.8      34.2      29.4      26.0      21.4      15.3       9.9       5.8
emissivity                               uint16        32.8      32.9      69.9     101.8     127.6     163.7     169.8     155.3     133.8      90.5      65.3      40.2      22.1      12.3       6.6
land_use_modis                           uint8         28.3      63.5      95.8     126.2     148.8     161.2     138.1     129.9     104.1      65.9      40.5      23.3      12.4       6.7       3.5
terrain_height                           uint16        25.1      25.1      55.8      85.7     114.8     155.0     159.7     147.2     127.4      85.5      62.7      39.3      21.6      12.2       6.6
potential_temperature                    uint16         1.1       1.1       1.1       1.1       1.1       1.1       1.2       1.2       1.2       1.1       1.1       1.0       1.0       1.0       0.9
equivalent_potential_temperature         uint16         1.0       1.0       1.0       1.0       1.0       1.0       1.0       1.0       1.0       1.0       1.0       1.0       1.0       1.0       0.9
u_wind                                   uint16         1.0       1.0       1.0       1.0       1.0       1.0       1.1       1.1       1.0       1.0       1.0       1.0       1.0       1.0       0.9
v_wind                                   uint16         1.0       1.0       1.0       1.0       1.0       1.0       1.1       1.1       1.0       1.0       1.0       1.0       1.0       1.0       0.9
vorticity                                uint16         2.3       2.3       2.3       2.3       2.3       2.3       1.8       1.8       1.8       1.8       1.7       1.7       1.6       1.5       1.4
mslp                                     uint32         1.2       1.2       1.2       1.2       1.3       1.3       1.3       1.4       1.3       1.2       1.2       1.1       1.1       1.0       1.0
land_sea_mask                            uint8         32.1      52.0      61.2     115.7     116.6     105.7     117.8      94.3      75.9      53.2      37.4      23.2      12.5       6.7       3.5
sea_ice                                  uint16       242.4     242.1     241.1     239.3     235.7     228.4     225.1     201.5     166.5     123.6      81.6      45.7      25.3      13.3       6.9
sea_surface_temp                         uint16         1.1       1.1       2.5       3.7       5.6       6.5       6.8       6.7       6.4       5.0       4.8       4.5       3.1       2.8       2.3
snow_water_equiv                         uint16       242.4     242.1     241.1     239.3     235.7     228.4     225.1     201.5     166.5     123.6      81.6      45.7      25.3      13.3       6.9
pwat                                     uint16         1.4       1.4       1.4       1.4       1.4       1.4       1.4       1.4       1.3       1.3       1.3       1.2       1.1       1.1       1.0
vimf_u                                   uint32         1.4       1.4       1.5       1.4       1.5       1.5       1.5       1.4       1.4       1.3       1.3       1.2       1.1       1.1       1.0
vimf_v                                   uint32         1.3       1.3       1.4       1.4       1.5       1.5       1.5       1.4       1.4       1.3       1.3       1.2       1.1       1.1       1.0
ivt                                      float32        1.0       1.0       1.0       1.0       1.0       1.0       1.0       1.0       1.0       1.0       1.0       1.0       1.0       1.0       1.0
WHOLE FILE projected ratio                             1.49      1.49      1.54      1.55      1.58      1.59      1.63      1.61      1.57      1.54      1.49      1.44      1.39      1.32      1.22
WHOLE FILE projected MB                               746.8     746.6     724.7     718.2     708.1     700.2     684.1     693.4     710.3     725.0     747.7     777.0     804.5     847.4     915.5

=== shuffle+lz4-1: per-variable ratio vs block size (elements per block; "-" = no rung within 1.5x) ===
var                                      dtype      2153952   1076976    536544    268272    134136     66240     32640     16320      8160      4080      2040       960       480       240       120
air_temperature                          uint16         1.8       1.8       1.7       1.8       1.7       1.7       1.7       1.7       1.7       1.7       1.7       1.7       1.7       1.6       1.4
surface_pressure                         uint32         2.8       2.8       2.8       2.8       2.8       2.8       2.8       2.7       2.6       2.6       2.6       2.5       2.4       2.3       2.0
mixing_ratio                             uint16         1.3       1.3       1.3       1.4       1.3       1.3       1.3       1.3       1.3       1.3       1.2       1.2       1.2       1.1       1.1
specific_humidity                        uint16         1.3       1.4       1.4       1.4       1.4       1.4       1.3       1.3       1.3       1.3       1.2       1.2       1.2       1.1       1.1
relative_humidity                        uint16         8.8       8.8       8.7       8.6       8.5       8.4       7.7       7.6       8.4       8.3       7.9       7.8       6.8       5.3       3.8
dew_point_temperature                    uint16         1.7       1.7       1.7       1.7       1.7       1.7       1.7       1.7       1.7       1.7       1.7       1.7       1.6       1.5       1.4
precipitation                            uint16         3.0       3.0       2.9       3.0       3.0       3.0       2.9       2.9       2.9       2.8       2.7       2.6       2.5       2.2       1.9
wind_speed                               uint16         1.6       1.6       1.6       1.6       1.6       1.6       1.5       1.5       1.6       1.6       1.6       1.6       1.5       1.4       1.3
wind_direction                           uint16         1.6       1.6       1.6       1.6       1.6       1.6       1.5       1.5       1.5       1.5       1.5       1.5       1.5       1.4       1.3
soil_temperature                         uint16         1.7       1.7       1.7       1.7       1.7       1.7       1.7       1.7       1.7       1.7       1.7       1.7       1.7       1.6       1.4
shortwave_radiation                      uint16         2.2       2.2       2.2       2.2       2.2       2.2       2.2       2.1       2.1       2.1       2.1       2.0       1.9       1.8       1.5
longwave_radiation                       uint16         1.5       1.5       1.5       1.5       1.5       1.5       1.4       1.4       1.4       1.4       1.4       1.4       1.4       1.3       1.2
snow_depth                               uint16       242.3     242.0     240.9     239.0     235.1     226.8     222.8     197.8     161.6     118.3      77.0      42.7      23.4      12.3       6.2
sensible_heat_flux                       uint16         1.7       1.7       1.7       1.7       1.7       1.7       1.6       1.6       1.7       1.7       1.6       1.6       1.6       1.5       1.4
moisture_flux                            uint16         2.2       2.2       2.2       2.2       2.2       2.2       2.4       2.3       2.2       2.2       2.1       2.0       1.9       1.8       1.6
albedo                                   uint16        33.8      43.6      44.7      46.0      45.7      45.5      44.7      43.5      43.0      36.3      30.9      24.0      16.3      10.0       5.6
emissivity                               uint16        38.9      81.4     115.7     145.6     168.8     183.0     179.8     162.2     138.1      94.5      65.9      39.1      21.4      11.7       6.0
land_use_modis                           uint8         28.3      63.5      95.8     126.2     148.8     161.2     138.1     129.9     104.1      65.9      40.5      23.3      12.4       6.7       3.5
terrain_height                           uint16        25.0      57.2      82.7     112.8     134.9     161.5     156.4     142.9     123.6      82.1      59.7      37.0      20.2      11.3       5.9
potential_temperature                    uint16         1.8       1.8       1.7       1.7       1.7       1.7       1.7       1.7       1.7       1.7       1.7       1.7       1.7       1.6       1.4
equivalent_potential_temperature         uint16         1.5       1.5       1.5       1.5       1.5       1.5       1.5       1.5       1.5       1.5       1.5       1.5       1.4       1.4       1.3
u_wind                                   uint16         1.6       1.6       1.6       1.6       1.6       1.6       1.6       1.5       1.6       1.6       1.6       1.6       1.5       1.4       1.3
v_wind                                   uint16         1.6       1.6       1.6       1.6       1.6       1.6       1.5       1.5       1.6       1.6       1.5       1.5       1.5       1.4       1.3
vorticity                                uint16         3.2       3.2       3.2       3.2       3.2       3.2       2.9       2.9       2.8       2.7       2.7       2.5       2.3       2.1       1.8
mslp                                     uint32         2.9       2.9       2.9       2.9       2.9       2.9       2.8       2.7       2.7       2.7       2.6       2.5       2.5       2.3       2.0
land_sea_mask                            uint8         32.1      52.0      61.2     115.7     116.6     105.7     117.8      94.3      75.9      53.2      37.4      23.2      12.5       6.7       3.5
sea_ice                                  uint16       242.3     242.0     240.9     239.0     235.1     226.8     222.8     197.8     161.6     118.3      77.0      42.7      23.4      12.3       6.2
sea_surface_temp                         uint16         1.7       4.5       6.6       8.9       9.9       9.7       9.1       8.9       8.9       7.1       6.8       6.6       4.5       3.8       3.0
snow_water_equiv                         uint16       242.3     242.0     240.9     239.0     235.1     226.8     222.8     197.8     161.6     118.3      77.0      42.7      23.4      12.3       6.2
pwat                                     uint16         1.9       1.9       1.9       1.9       1.9       1.9       1.9       1.9       1.9       1.9       1.9       1.8       1.8       1.7       1.5
vimf_u                                   uint32         2.9       2.9       2.9       2.9       2.9       2.9       2.9       2.8       2.7       2.7       2.7       2.7       2.6       2.4       2.2
vimf_v                                   uint32         2.8       2.8       2.9       2.9       2.9       2.8       2.8       2.7       2.7       2.7       2.7       2.6       2.6       2.4       2.2
ivt                                      float32        1.3       1.3       1.3       1.3       1.3       1.3       1.3       1.3       1.3       1.3       1.3       1.3       1.3       1.2       1.2
WHOLE FILE projected ratio                             2.39      2.46      2.46      2.48      2.47      2.47      2.42      2.40      2.40      2.38      2.35      2.30      2.21      2.04      1.80
WHOLE FILE projected MB                               466.7     454.4     452.9     450.7     451.6     452.0     460.9     465.3     464.6     468.8     475.4     484.7     504.4     547.5     620.2

Throughput MB/s (pooled over vars, nearest rung) by block size:
                                                    2153952   1076976    536544    268272    134136     66240     32640     16320      8160      4080      2040       960       480       240       120
zstd-1 compress                                         920       989       995       969       932       819       882       808       556       511       440       329       224       145        88
zstd-1 decompress                                      2385      2369      2393      2426      2375      2153      2053      1814      1326      1050       756       455       271       153        79
shuffle+zstd-1 compress                                1259      1533      1559      1571      1349      1194      1179      1036       866       667       465       290       181       103        58
shuffle+zstd-1 decompress                              2913      3465      3515      3426      3240      2802      2426      1931      1433       971       594       326       191       102        53
blosc1 shuffle zstd-1 compress                         1107      1156      1182      1192      1197      1161      1177      1114       913       703       494       313       194       111        66
blosc1 shuffle zstd-1 decompress                       3669      3667      3774      3665      3540      3269      3073      2686      2024      1424       909       535       321       176        95
lz4-1 compress                                         1314      1578      1631      1622      1589      1549      1156      1147      1208      1187      1138       982       740       488       299
lz4-1 decompress                                       6336      7662      7968      7770      7203      6582      4346      3731      3078      2178      1357       739       401       210       108
shuffle+lz4-1 compress                                 1632      2128      2252      2302      2332      2340      2126      1905      1626      1233       849       519       317       175        93
shuffle+lz4-1 decompress                               4317      4641      4674      4577      4336      3950      2811      2582      1946      1231       709       361       200       104        53
